path, train_score, val_score, test_score, train_fitness, val_fitness, test_fitness, generations, pop_size, fitness_function, stoch_spawning, n_train_courses, network_shape, mutation_rate
None, 70.0, 70.0, 70.0, 70.0, 70.0, 70.0, 2, 20, score, False, 3, [5, 10, 3], 0.9448374180359596
Networks/Network1, 290.0, 253.0, 257.0, 290.0, 253.33, 256.67, 4, 20, score, False, 3, [5, 10, 3], 0.7808182206817179
Networks/Network[77,10,3]_12/12/2019-16:51:19, 120.0, 120.0, 120.0, 120.0, 120.0, 120.0, 3, 10, score, False, 3, [77, 10, 3], 0.8587307530779819
Networks/Network12/12/2019-16:51:19, 70.0, 70.0, 70.0, 70.0, 70.0, 70.0, 3, 10, score, False, 3, [77, 10, 10, 3], 0.8587307530779819
Networks/Network12/12/2019-16:51:19, 60.0, 60.0, 60.0, 60.0, 60.0, 60.0, 3, 10, score, False, 3, [77, 10, 10, 3], 0.8587307530779819
Networks/Network_77x10x10x3_1, 60.0, 60.0, 60.0, 60.0, 60.0, 60.0, 3, 10, score, True, 3, [77, 10, 10, 3], 0.8587307530779819
Networks/Network_77x10x10x3_1, 383.0, 270.0, 230.0, 383.33, 270.0, 230.0, 3, 10, score, True, 3, [77, 10, 10, 3], 0.8587307530779819
Networks/Network_77x10x10x3_1, 60.0, 60.0, 60.0, 60.0, 60.0, 60.0, 3, 10, score, True, 3, [77, 10, 10, 3], 0.8587307530779819
results/oskar7, 1153.0, 1333.0, 1483.0, 1153.33, 1333.33, 1483.33, 100, 20, score, True, 3, [77, 10, 10, 3], 0.0011335983006910614
results/oskar8, 150.0, 150.0, 150.0, 150.0, 150.0, 150.0, 4, 20, score, True, 3, [77, 10, 10, 10, 3], 0.6712881002466752
results/oskar8, 147.0, 160.0, 173.0, 146.67, 160.0, 173.33, 4, 20, score, True, 3, [77, 10, 10, 10, 3], 0.6712881002466752
100, 170.0, 173.0, 170.0, 170.0, 173.33, 170.0, 9, 20, score, True, 3, [77, 10, 10, 10, 3], 0.4075377139516349
results/oskar8, 1557.0, 1387.0, 780.0, 1556.67, 1386.67, 780.0, 9, 100, score, True, 3, [77, 10, 10, 10, 3], 0.4075377139516349
results/oskar8, 1073.0, 1073.0, 1073.0, 1073.33, 1073.33, 1073.33, 9, 100, score, True, 3, [77, 10, 10, 10, 3], 0.4075377139516349


stochastic/77_inputs/20_neurons_0, 230.0, 240.0, 230.0, 230.0, 240.0, 230.0, 170, 30, score, True, 3, [77, 3], 0.004273545672881462
stochastic/5_inputs/5_neurons_0, 257.0, 260.0, 270.0, 256.67, 260.0, 270.0, 235, 30, score, True, 3, [5, 3], 0.055555555617797
1_hidden_w_20_neurons_n_5_inputs, 470.0, 263.0, 297.0, 470.0, 263.33, 296.67, 2, 20, score, True, 3, [5, 20, 3], 0.8241952339522988
1_hidden_w_20_neurons_n_5_inputs, 553.0, 780.0, 943.0, 553.33, 780.0, 943.33, 2, 20, score, True, 3, [5, 20, 3], 0.8241952339522988
2_hidden_w_20_neurons_n_5_inputs, 50.0, 50.0, 50.0, 50.0, 50.0, 50.0, 2, 20, score, True, 3, [5, 20, 20, 3], 0.820389127870685
3_hidden_w_20_neurons_n_5_inputs, 160.0, 160.0, 143.0, 160.0, 160.0, 143.33, 2, 20, score, True, 3, [5, 20, 20, 20, 3], 0.8197082701845312
4_hidden_w_20_neurons_n_5_inputs, 643.0, 453.0, 367.0, 643.33, 453.33, 366.67, 2, 20, score, True, 3, [5, 20, 20, 20, 20, 3], 0.8194237537709825
5_hidden_w_20_neurons_n_5_inputs, 110.0, 110.0, 110.0, 110.0, 110.0, 110.0, 2, 20, score, True, 3, [5, 20, 20, 20, 20, 20, 3], 0.8192675217306925
1_hidden_w_20_neurons_n_5_inputs, 50.0, 50.0, 50.0, 50.0, 50.0, 50.0, 0, 20, score, True, 3, [5, 5, 3], 0.9999999999
2_hidden_w_20_neurons_n_5_inputs, 1010.0, 737.0, 780.0, 1010.0, 736.67, 780.0, 0, 20, score, True, 3, [5, 5, 5, 3], 0.9999999999
3_hidden_w_20_neurons_n_5_inputs, 100.0, 100.0, 100.0, 100.0, 100.0, 100.0, 0, 20, score, True, 3, [5, 5, 5, 5, 3], 0.9999999999
4_hidden_w_20_neurons_n_5_inputs, 50.0, 50.0, 50.0, 50.0, 50.0, 50.0, 0, 20, score, True, 3, [5, 5, 5, 5, 5, 3], 0.9999999999
5_hidden_w_20_neurons_n_5_inputs, 120.0, 107.0, 120.0, 120.0, 106.67, 120.0, 0, 20, score, True, 3, [5, 5, 5, 5, 5, 5, 3], 0.9999999999
inputs=5_n_hidden_layers=1_neurons=5, 50.0, 50.0, 50.0, 50.0, 50.0, 50.0, 0, 20, score, True, 3, [5, 5, 3], 0.9999999999
inputs=5_n_hidden_layers=2_neurons=5, 150.0, 150.0, 150.0, 150.0, 150.0, 150.0, 0, 20, score, True, 3, [5, 5, 5, 3], 0.9999999999
inputs=5_n_hidden_layers=3_neurons=5, 437.0, 333.0, 447.0, 436.67, 333.33, 446.67, 0, 20, score, True, 3, [5, 5, 5, 5, 3], 0.9999999999
inputs=5_n_hidden_layers=4_neurons=5, 50.0, 50.0, 50.0, 50.0, 50.0, 50.0, 0, 20, score, True, 3, [5, 5, 5, 5, 5, 3], 0.9999999999
inputs=5_n_hidden_layers=5_neurons=5, 50.0, 50.0, 50.0, 50.0, 50.0, 50.0, 0, 20, score, True, 3, [5, 5, 5, 5, 5, 5, 3], 0.9999999999
inputs=5_n_hidden_layers=1_neurons=5, 60.0, 60.0, 60.0, 60.0, 60.0, 60.0, 0, 20, score, True, 3, [5, 5, 3], 0.9999999999
inputs=5_n_hidden_layers=1_neurons=5, 100.0, 100.0, 100.0, 100.0, 100.0, 100.0, 0, 20, score, True, 3, [5, 5, 3], 0.9999999999
inputs=5_n_hidden_layers=2_neurons=5, 50.0, 50.0, 50.0, 50.0, 50.0, 50.0, 0, 20, score, True, 3, [5, 5, 5, 3], 0.9999999999
